KEYWORDS
TRUE
TAGS
美国
2001 1 60
2001 2 57
2001 3 46
2001 4 72
2001 5 61
2001 6 58
2001 7 56
2001 8 71
2001 9 50
2001 10 63
2001 11 69
2001 12 90
2002 1 89
2002 2 102
2002 3 105
2002 4 87
2002 5 120
2002 6 99
2002 7 114
2002 8 108
2002 9 84
2002 10 83
2002 11 103
2002 12 109
2003 1 121
2003 2 102
2003 3 144
2003 4 159
2003 5 128
2003 6 137
2003 7 136
2003 8 76
2003 9 45
2003 10 53
2003 11 69
2003 12 77
2004 1 43
2004 2 78
2004 3 59
2004 4 75
2004 5 60
2004 6 70
2004 7 70
2004 8 46
2004 9 53
2004 10 46
2004 11 73
2004 12 70
2005 1 74
2005 2 49
2005 3 71
2005 4 86
2005 5 96
2005 6 112
2005 7 127
2005 8 129
2005 9 112
2005 10 112
2005 11 165
2005 12 103
2006 1 136
2006 2 151
2006 3 135
2006 4 161
2006 5 149
2006 6 149
2006 7 183
2006 8 156
2006 9 140
2006 10 122
2006 11 130
2006 12 162
2007 1 138
2007 2 119
2007 3 156
2007 4 130
2007 5 141
2007 6 166
2007 7 171
2007 8 161
2007 9 164
2007 10 103
2007 11 174
2007 12 159
2008 1 174
2008 2 124
2008 3 140
2008 4 179
2008 5 78
2008 6 84
2008 7 130
2008 8 160
2008 9 127
2008 10 137
2008 11 136
2008 12 139
2009 1 117
2009 2 90
2009 3 116
2009 4 117
2009 5 90
2009 6 117
2009 7 130
2009 8 156
2009 9 141
2009 10 96
2009 11 117
2009 12 128
2010 1 165
2010 2 107
2010 3 136
2010 4 145
2010 5 138
2010 6 97
2010 7 143
2010 8 157
2010 9 138
2010 10 110
2010 11 134
2010 12 172
2011 1 198
2011 2 142
2011 3 174
2011 4 178
2011 5 197
2011 6 170
2011 7 217
2011 8 223
2011 9 212
2011 10 153
2011 11 209
2011 12 202
2012 1 165
2012 2 232
2012 3 189
2012 4 143
2012 5 208
2012 6 202
2012 7 207
2012 8 175
2012 9 134
2012 10 107
2012 11 116
2012 12 127
KEYWORDS
TRUE
TAGS
日本
2001 1 26
2001 2 31
2001 3 17
2001 4 34
2001 5 21
2001 6 31
2001 7 32
2001 8 39
2001 9 25
2001 10 27
2001 11 28
2001 12 32
2002 1 46
2002 2 23
2002 3 38
2002 4 38
2002 5 38
2002 6 50
2002 7 37
2002 8 54
2002 9 51
2002 10 31
2002 11 53
2002 12 53
2003 1 49
2003 2 31
2003 3 42
2003 4 55
2003 5 42
2003 6 46
2003 7 56
2003 8 43
2003 9 26
2003 10 41
2003 11 35
2003 12 35
2004 1 25
2004 2 44
2004 3 37
2004 4 32
2004 5 29
2004 6 28
2004 7 40
2004 8 28
2004 9 26
2004 10 26
2004 11 32
2004 12 39
2005 1 37
2005 2 24
2005 3 38
2005 4 83
2005 5 60
2005 6 60
2005 7 74
2005 8 79
2005 9 95
2005 10 70
2005 11 82
2005 12 52
2006 1 56
2006 2 69
2006 3 55
2006 4 67
2006 5 70
2006 6 57
2006 7 76
2006 8 68
2006 9 70
2006 10 57
2006 11 54
2006 12 97
2007 1 64
2007 2 54
2007 3 71
2007 4 79
2007 5 71
2007 6 75
2007 7 72
2007 8 93
2007 9 97
2007 10 61
2007 11 80
2007 12 82
2008 1 70
2008 2 51
2008 3 44
2008 4 53
2008 5 65
2008 6 52
2008 7 64
2008 8 68
2008 9 47
2008 10 45
2008 11 46
2008 12 67
2009 1 38
2009 2 40
2009 3 57
2009 4 55
2009 5 48
2009 6 44
2009 7 55
2009 8 48
2009 9 46
2009 10 43
2009 11 42
2009 12 63
2010 1 52
2010 2 40
2010 3 58
2010 4 61
2010 5 75
2010 6 51
2010 7 57
2010 8 64
2010 9 74
2010 10 56
2010 11 73
2010 12 68
2011 1 72
2011 2 62
2011 3 120
2011 4 98
2011 5 101
2011 6 72
2011 7 94
2011 8 94
2011 9 104
2011 10 52
2011 11 85
2011 12 111
2012 1 80
2012 2 74
2012 3 86
2012 4 77
2012 5 94
2012 6 77
2012 7 88
2012 8 85
2012 9 103
2012 10 60
2012 11 52
2012 12 62
KEYWORDS
TRUE
TAGS
台湾
2001 1 11
2001 2 8
2001 3 17
2001 4 19
2001 5 15
2001 6 17
2001 7 18
2001 8 9
2001 9 15
2001 10 12
2001 11 17
2001 12 21
2002 1 17
2002 2 26
2002 3 40
2002 4 15
2002 5 29
2002 6 27
2002 7 24
2002 8 43
2002 9 34
2002 10 26
2002 11 28
2002 12 29
2003 1 27
2003 2 21
2003 3 26
2003 4 28
2003 5 16
2003 6 20
2003 7 20
2003 8 31
2003 9 18
2003 10 13
2003 11 14
2003 12 16
2004 1 25
2004 2 13
2004 3 20
2004 4 24
2004 5 18
2004 6 16
2004 7 21
2004 8 18
2004 9 19
2004 10 22
2004 11 12
2004 12 15
2005 1 12
2005 2 16
2005 3 40
2005 4 41
2005 5 34
2005 6 31
2005 7 43
2005 8 27
2005 9 63
2005 10 31
2005 11 30
2005 12 17
2006 1 38
2006 2 21
2006 3 90
2006 4 56
2006 5 30
2006 6 55
2006 7 19
2006 8 38
2006 9 45
2006 10 28
2006 11 46
2006 12 36
2007 1 31
2007 2 22
2007 3 47
2007 4 46
2007 5 45
2007 6 36
2007 7 28
2007 8 37
2007 9 73
2007 10 28
2007 11 57
2007 12 43
2008 1 36
2008 2 30
2008 3 59
2008 4 40
2008 5 24
2008 6 19
2008 7 20
2008 8 15
2008 9 27
2008 10 25
2008 11 24
2008 12 34
2009 1 24
2009 2 24
2009 3 29
2009 4 21
2009 5 32
2009 6 24
2009 7 23
2009 8 15
2009 9 29
2009 10 29
2009 11 25
2009 12 21
2010 1 15
2010 2 9
2010 3 38
2010 4 26
2010 5 21
2010 6 19
2010 7 20
2010 8 18
2010 9 18
2010 10 12
2010 11 19
2010 12 19
2011 1 30
2011 2 13
2011 3 35
2011 4 30
2011 5 27
2011 6 32
2011 7 23
2011 8 21
2011 9 38
2011 10 30
2011 11 25
2011 12 31
2012 1 23
2012 2 24
2012 3 27
2012 4 21
2012 5 25
2012 6 29
2012 7 26
2012 8 18
2012 9 39
2012 10 21
2012 11 15
2012 12 10
KEYWORDS
TRUE
TAGS
韩国
2001 1 11
2001 2 12
2001 3 7
2001 4 12
2001 5 22
2001 6 6
2001 7 13
2001 8 17
2001 9 9
2001 10 5
2001 11 11
2001 12 17
2002 1 25
2002 2 12
2002 3 25
2002 4 22
2002 5 20
2002 6 29
2002 7 15
2002 8 37
2002 9 14
2002 10 26
2002 11 23
2002 12 31
2003 1 24
2003 2 20
2003 3 28
2003 4 30
2003 5 24
2003 6 32
2003 7 45
2003 8 27
2003 9 9
2003 10 22
2003 11 14
2003 12 16
2004 1 15
2004 2 23
2004 3 24
2004 4 15
2004 5 12
2004 6 12
2004 7 12
2004 8 4
2004 9 18
2004 10 9
2004 11 21
2004 12 15
2005 1 13
2005 2 15
2005 3 19
2005 4 20
2005 5 21
2005 6 29
2005 7 30
2005 8 25
2005 9 33
2005 10 34
2005 11 60
2005 12 26
2006 1 25
2006 2 34
2006 3 30
2006 4 33
2006 5 39
2006 6 20
2006 7 37
2006 8 33
2006 9 36
2006 10 40
2006 11 30
2006 12 49
2007 1 39
2007 2 23
2007 3 34
2007 4 43
2007 5 33
2007 6 37
2007 7 48
2007 8 52
2007 9 35
2007 10 33
2007 11 43
2007 12 36
2008 1 39
2008 2 26
2008 3 27
2008 4 25
2008 5 32
2008 6 19
2008 7 26
2008 8 43
2008 9 19
2008 10 19
2008 11 23
2008 12 31
2009 1 15
2009 2 22
2009 3 28
2009 4 39
2009 5 27
2009 6 23
2009 7 24
2009 8 30
2009 9 14
2009 10 26
2009 11 15
2009 12 20
2010 1 17
2010 2 10
2010 3 24
2010 4 27
2010 5 31
2010 6 26
2010 7 35
2010 8 27
2010 9 22
2010 10 35
2010 11 40
2010 12 32
2011 1 42
2011 2 18
2011 3 26
2011 4 31
2011 5 36
2011 6 20
2011 7 31
2011 8 40
2011 9 45
2011 10 32
2011 11 29
2011 12 37
2012 1 32
2012 2 32
2012 3 50
2012 4 45
2012 5 47
2012 6 24
2012 7 36
2012 8 48
2012 9 34
2012 10 34
2012 11 33
2012 12 20
KEYWORDS
TRUE
TAGS

2001 1 203
2001 2 205
2001 3 215
2001 4 223
2001 5 233
2001 6 241
2001 7 237
2001 8 244
2001 9 224
2001 10 210
2001 11 305
2001 12 322
2002 1 323
2002 2 309
2002 3 453
2002 4 338
2002 5 424
2002 6 384
2002 7 397
2002 8 385
2002 9 406
2002 10 373
2002 11 463
2002 12 472
2003 1 470
2003 2 350
2003 3 494
2003 4 552
2003 5 436
2003 6 509
2003 7 519
2003 8 357
2003 9 188
2003 10 209
2003 11 240
2003 12 280
2004 1 195
2004 2 219
2004 3 247
2004 4 256
2004 5 230
2004 6 247
2004 7 235
2004 8 180
2004 9 217
2004 10 192
2004 11 262
2004 12 284
2005 1 282
2005 2 190
2005 3 297
2005 4 376
2005 5 323
2005 6 426
2005 7 493
2005 8 478
2005 9 537
2005 10 488
2005 11 653
2005 12 385
2006 1 494
2006 2 485
2006 3 617
2006 4 647
2006 5 608
2006 6 701
2006 7 621
2006 8 611
2006 9 691
2006 10 591
2006 11 679
2006 12 644
2007 1 605
2007 2 454
2007 3 625
2007 4 663
2007 5 582
2007 6 659
2007 7 678
2007 8 675
2007 9 684
2007 10 550
2007 11 763
2007 12 710
2008 1 652
2008 2 482
2008 3 601
2008 4 678
2008 5 402
2008 6 401
2008 7 536
2008 8 524
2008 9 463
2008 10 491
2008 11 530
2008 12 613
2009 1 442
2009 2 433
2009 3 539
2009 4 504
2009 5 455
2009 6 496
2009 7 515
2009 8 540
2009 9 534
2009 10 388
2009 11 470
2009 12 479
2010 1 489
2010 2 343
2010 3 531
2010 4 458
2010 5 476
2010 6 460
2010 7 495
2010 8 489
2010 9 480
2010 10 468
2010 11 542
2010 12 534
2011 1 610
2011 2 449
2011 3 691
2011 4 652
2011 5 654
2011 6 648
2011 7 682
2011 8 680
2011 9 643
2011 10 579
2011 11 713
2011 12 681
2012 1 505
2012 2 638
2012 3 609
2012 4 583
2012 5 706
2012 6 724
2012 7 687
2012 8 612
2012 9 701
2012 10 468
2012 11 460
2012 12 359
KEYWORDS
FALSE
TAGS
美国
2001 1 98
2001 2 99
2001 3 68
2001 4 91
2001 5 89
2001 6 77
2001 7 89
2001 8 102
2001 9 71
2001 10 85
2001 11 96
2001 12 119
2002 1 135
2002 2 147
2002 3 150
2002 4 126
2002 5 172
2002 6 143
2002 7 160
2002 8 173
2002 9 117
2002 10 119
2002 11 140
2002 12 170
2003 1 188
2003 2 188
2003 3 229
2003 4 266
2003 5 214
2003 6 222
2003 7 242
2003 8 157
2003 9 71
2003 10 82
2003 11 103
2003 12 122
2004 1 67
2004 2 113
2004 3 78
2004 4 111
2004 5 90
2004 6 96
2004 7 103
2004 8 94
2004 9 76
2004 10 71
2004 11 97
2004 12 107
2005 1 100
2005 2 77
2005 3 105
2005 4 117
2005 5 128
2005 6 155
2005 7 193
2005 8 187
2005 9 177
2005 10 157
2005 11 228
2005 12 138
2006 1 179
2006 2 235
2006 3 195
2006 4 255
2006 5 220
2006 6 226
2006 7 261
2006 8 232
2006 9 199
2006 10 180
2006 11 200
2006 12 248
2007 1 228
2007 2 172
2007 3 235
2007 4 253
2007 5 249
2007 6 255
2007 7 268
2007 8 255
2007 9 243
2007 10 159
2007 11 262
2007 12 252
2008 1 292
2008 2 187
2008 3 216
2008 4 259
2008 5 130
2008 6 125
2008 7 177
2008 8 258
2008 9 186
2008 10 180
2008 11 175
2008 12 190
2009 1 169
2009 2 125
2009 3 150
2009 4 158
2009 5 137
2009 6 164
2009 7 186
2009 8 203
2009 9 173
2009 10 124
2009 11 155
2009 12 162
2010 1 202
2010 2 148
2010 3 171
2010 4 193
2010 5 189
2010 6 136
2010 7 192
2010 8 223
2010 9 189
2010 10 156
2010 11 178
2010 12 223
2011 1 277
2011 2 215
2011 3 237
2011 4 249
2011 5 281
2011 6 240
2011 7 295
2011 8 323
2011 9 286
2011 10 221
2011 11 278
2011 12 255
2012 1 212
2012 2 314
2012 3 266
2012 4 191
2012 5 291
2012 6 281
2012 7 290
2012 8 269
2012 9 189
2012 10 142
2012 11 158
2012 12 174
KEYWORDS
FALSE
TAGS
日本
2001 1 36
2001 2 51
2001 3 28
2001 4 43
2001 5 35
2001 6 50
2001 7 51
2001 8 64
2001 9 40
2001 10 40
2001 11 36
2001 12 46
2002 1 63
2002 2 39
2002 3 50
2002 4 73
2002 5 60
2002 6 80
2002 7 49
2002 8 92
2002 9 77
2002 10 61
2002 11 75
2002 12 71
2003 1 75
2003 2 80
2003 3 70
2003 4 96
2003 5 72
2003 6 94
2003 7 110
2003 8 81
2003 9 37
2003 10 54
2003 11 50
2003 12 58
2004 1 39
2004 2 57
2004 3 50
2004 4 52
2004 5 38
2004 6 38
2004 7 68
2004 8 57
2004 9 52
2004 10 36
2004 11 36
2004 12 54
2005 1 53
2005 2 34
2005 3 56
2005 4 115
2005 5 87
2005 6 96
2005 7 142
2005 8 141
2005 9 139
2005 10 101
2005 11 121
2005 12 68
2006 1 84
2006 2 115
2006 3 83
2006 4 106
2006 5 101
2006 6 87
2006 7 126
2006 8 110
2006 9 115
2006 10 113
2006 11 85
2006 12 158
2007 1 109
2007 2 88
2007 3 114
2007 4 152
2007 5 127
2007 6 119
2007 7 127
2007 8 152
2007 9 161
2007 10 92
2007 11 127
2007 12 125
2008 1 103
2008 2 88
2008 3 82
2008 4 79
2008 5 97
2008 6 70
2008 7 97
2008 8 103
2008 9 70
2008 10 67
2008 11 62
2008 12 89
2009 1 52
2009 2 51
2009 3 71
2009 4 72
2009 5 61
2009 6 61
2009 7 74
2009 8 65
2009 9 55
2009 10 57
2009 11 49
2009 12 75
2010 1 71
2010 2 47
2010 3 68
2010 4 84
2010 5 106
2010 6 77
2010 7 76
2010 8 84
2010 9 96
2010 10 71
2010 11 89
2010 12 94
2011 1 112
2011 2 96
2011 3 164
2011 4 131
2011 5 151
2011 6 111
2011 7 147
2011 8 144
2011 9 154
2011 10 82
2011 11 119
2011 12 132
2012 1 106
2012 2 102
2012 3 120
2012 4 104
2012 5 120
2012 6 113
2012 7 130
2012 8 129
2012 9 136
2012 10 73
2012 11 74
2012 12 75
KEYWORDS
FALSE
TAGS
台湾
2001 1 14
2001 2 22
2001 3 24
2001 4 29
2001 5 16
2001 6 25
2001 7 22
2001 8 14
2001 9 19
2001 10 22
2001 11 23
2001 12 32
2002 1 33
2002 2 34
2002 3 62
2002 4 27
2002 5 49
2002 6 47
2002 7 38
2002 8 63
2002 9 43
2002 10 40
2002 11 44
2002 12 40
2003 1 56
2003 2 45
2003 3 55
2003 4 51
2003 5 38
2003 6 32
2003 7 39
2003 8 51
2003 9 25
2003 10 22
2003 11 23
2003 12 27
2004 1 35
2004 2 25
2004 3 29
2004 4 40
2004 5 24
2004 6 25
2004 7 28
2004 8 28
2004 9 21
2004 10 28
2004 11 22
2004 12 25
2005 1 18
2005 2 25
2005 3 64
2005 4 57
2005 5 55
2005 6 49
2005 7 78
2005 8 49
2005 9 95
2005 10 57
2005 11 56
2005 12 25
2006 1 69
2006 2 44
2006 3 123
2006 4 91
2006 5 55
2006 6 89
2006 7 48
2006 8 68
2006 9 88
2006 10 59
2006 11 64
2006 12 58
2007 1 62
2007 2 42
2007 3 82
2007 4 80
2007 5 76
2007 6 55
2007 7 57
2007 8 73
2007 9 104
2007 10 46
2007 11 88
2007 12 68
2008 1 63
2008 2 49
2008 3 78
2008 4 62
2008 5 46
2008 6 34
2008 7 39
2008 8 27
2008 9 42
2008 10 36
2008 11 43
2008 12 45
2009 1 35
2009 2 29
2009 3 31
2009 4 32
2009 5 50
2009 6 40
2009 7 35
2009 8 44
2009 9 43
2009 10 35
2009 11 34
2009 12 31
2010 1 20
2010 2 14
2010 3 48
2010 4 40
2010 5 30
2010 6 32
2010 7 28
2010 8 23
2010 9 35
2010 10 22
2010 11 31
2010 12 32
2011 1 47
2011 2 22
2011 3 47
2011 4 45
2011 5 46
2011 6 55
2011 7 43
2011 8 45
2011 9 63
2011 10 42
2011 11 39
2011 12 48
2012 1 34
2012 2 39
2012 3 46
2012 4 39
2012 5 38
2012 6 54
2012 7 37
2012 8 41
2012 9 52
2012 10 30
2012 11 25
2012 12 26
KEYWORDS
FALSE
TAGS
韩国
2001 1 16
2001 2 17
2001 3 12
2001 4 17
2001 5 35
2001 6 12
2001 7 19
2001 8 22
2001 9 18
2001 10 12
2001 11 18
2001 12 25
2002 1 35
2002 2 18
2002 3 39
2002 4 36
2002 5 46
2002 6 44
2002 7 24
2002 8 54
2002 9 28
2002 10 47
2002 11 41
2002 12 47
2003 1 42
2003 2 51
2003 3 51
2003 4 53
2003 5 47
2003 6 58
2003 7 73
2003 8 50
2003 9 10
2003 10 28
2003 11 22
2003 12 28
2004 1 21
2004 2 24
2004 3 29
2004 4 22
2004 5 17
2004 6 19
2004 7 16
2004 8 7
2004 9 21
2004 10 13
2004 11 26
2004 12 17
2005 1 20
2005 2 21
2005 3 27
2005 4 31
2005 5 33
2005 6 45
2005 7 55
2005 8 36
2005 9 49
2005 10 46
2005 11 83
2005 12 38
2006 1 38
2006 2 57
2006 3 52
2006 4 50
2006 5 55
2006 6 39
2006 7 56
2006 8 45
2006 9 48
2006 10 55
2006 11 44
2006 12 66
2007 1 58
2007 2 37
2007 3 48
2007 4 85
2007 5 53
2007 6 61
2007 7 73
2007 8 93
2007 9 54
2007 10 51
2007 11 75
2007 12 56
2008 1 60
2008 2 46
2008 3 36
2008 4 33
2008 5 41
2008 6 25
2008 7 32
2008 8 63
2008 9 21
2008 10 29
2008 11 30
2008 12 44
2009 1 23
2009 2 29
2009 3 38
2009 4 50
2009 5 37
2009 6 26
2009 7 31
2009 8 41
2009 9 16
2009 10 30
2009 11 21
2009 12 24
2010 1 28
2010 2 16
2010 3 28
2010 4 33
2010 5 41
2010 6 32
2010 7 38
2010 8 34
2010 9 29
2010 10 41
2010 11 46
2010 12 41
2011 1 53
2011 2 30
2011 3 33
2011 4 39
2011 5 49
2011 6 28
2011 7 42
2011 8 56
2011 9 65
2011 10 39
2011 11 40
2011 12 45
2012 1 42
2012 2 43
2012 3 56
2012 4 55
2012 5 57
2012 6 36
2012 7 53
2012 8 77
2012 9 47
2012 10 40
2012 11 42
2012 12 28
KEYWORDS
FALSE
TAGS

2001 1 452
2001 2 565
2001 3 532
2001 4 519
2001 5 547
2001 6 590
2001 7 569
2001 8 583
2001 9 539
2001 10 470
2001 11 673
2001 12 719
2002 1 799
2002 2 756
2002 3 1027
2002 4 766
2002 5 940
2002 6 904
2002 7 917
2002 8 967
2002 9 954
2002 10 846
2002 11 1034
2002 12 1165
2003 1 1416
2003 2 1068
2003 3 1421
2003 4 1711
2003 5 1470
2003 6 1524
2003 7 1573
2003 8 1182
2003 9 552
2003 10 541
2003 11 617
2003 12 717
2004 1 535
2004 2 682
2004 3 580
2004 4 717
2004 5 568
2004 6 683
2004 7 659
2004 8 482
2004 9 490
2004 10 457
2004 11 634
2004 12 633
2005 1 658
2005 2 482
2005 3 699
2005 4 913
2005 5 746
2005 6 1053
2005 7 1320
2005 8 1241
2005 9 1286
2005 10 1066
2005 11 1589
2005 12 1058
2006 1 1279
2006 2 1444
2006 3 1676
2006 4 1736
2006 5 1724
2006 6 1935
2006 7 1706
2006 8 1934
2006 9 1861
2006 10 1498
2006 11 1804
2006 12 1859
2007 1 1953
2007 2 1372
2007 3 2053
2007 4 2086
2007 5 1886
2007 6 1958
2007 7 2075
2007 8 2056
2007 9 1826
2007 10 1385
2007 11 2147
2007 12 2103
2008 1 2104
2008 2 1672
2008 3 1733
2008 4 1691
2008 5 1194
2008 6 1110
2008 7 1274
2008 8 1139
2008 9 1119
2008 10 1171
2008 11 1158
2008 12 1231
2009 1 948
2009 2 951
2009 3 1085
2009 4 1064
2009 5 984
2009 6 998
2009 7 1134
2009 8 1174
2009 9 1033
2009 10 692
2009 11 881
2009 12 947
2010 1 925
2010 2 665
2010 3 975
2010 4 962
2010 5 1025
2010 6 968
2010 7 1001
2010 8 1058
2010 9 1003
2010 10 945
2010 11 1050
2010 12 1131
2011 1 1456
2011 2 1214
2011 3 1650
2011 4 1483
2011 5 1548
2011 6 1600
2011 7 1736
2011 8 1754
2011 9 1617
2011 10 1346
2011 11 1641
2011 12 1594
2012 1 1187
2012 2 1538
2012 3 1420
2012 4 1280
2012 5 1598
2012 6 1618
2012 7 1638
2012 8 1437
2012 9 1488
2012 10 987
2012 11 947
2012 12 847
